Summit_144703.xlsx,LISA
Summit_144707.xlsx,LISA
Summit_144709.xlsx,LISA
Summit_144352.xlsx,LISA
Summit_144676.xlsx,LISA
Summit_144334.xlsx,LISA
Summit_144335.xlsx,LISA
Summit_144651.xlsx,
Summit_146670.xlsx,
Summit_144692.xlsx,
Summit_144689.xlsx,
Summit_144351.xlsx,
Summit_146671.xlsx,
Summit_144311.xlsx,
Summit_144312.xlsx,
Summit_144427.xlsx,
Summit_144428.xlsx,
Summit_144430.xlsx,
Summit_144431.xlsx,
Summit_144459.xlsx,
Summit_144460.xlsx,
Summit_144463.xlsx,
Summit_144467.xlsx,
Summit_144469.xlsx,
Summit_144677.xlsx,
Summit_144678.xlsx,
Summit_144680.xlsx,
Summit_144681.xlsx,
Summit_144683.xlsx,
Summit_144685.xlsx,MSS-6.0 Failure
Summit_144694.xlsx,
Summit_144696.xlsx,
Summit_144698.xlsx,
Summit_144700.xlsx,
Summit_144701.xlsx,
Summit_144705.xlsx,
Summit_144660.xlsx,
Summit_144667.xlsx,
Summit_144674.xlsx,
Summit_144536.xlsx,
Summit_144492.xlsx,
Summit_144542.xlsx,
Summit_144543.xlsx,
Summit_144715.xlsx,
Summit_144710.xlsx,
Summit_144716.xlsx,
Summit_144718.xlsx,
Summit_144671.xlsx,
Summit_144473.xlsx,
Summit_144613.xlsx,
Summit_144474.xlsx,
Summit_144771.xlsx,
Summit_144478.xlsx,
Summit_144482.xlsx,
Summit_144484.xlsx,
Summit_144549.xlsx,
Summit_144483.xlsx,
Summit_144487.xlsx,
Summit_144550.xlsx,
Summit_144553.xlsx,
Summit_144477.xlsx,
Summit_144544.xlsx,
Summit_144571.xlsx,
Summit_144559.xlsx,
Summit_144574.xlsx,
Summit_144476.xlsx,
Summit_144576.xlsx,
Summit_144572.xlsx,
Summit_144573.xlsx,
Summit_144563.xlsx,
Summit_144580.xlsx,
Summit_144585.xlsx,
Summit_144586.xlsx,
Summit_144587.xlsx,
Summit_144588.xlsx,
Summit_144767.xlsx,
Summit_144590.xlsx,
Summit_144592.xlsx,
Summit_144593.xlsx,
Summit_144584.xlsx,
Summit_144594.xlsx,
Summit_144600.xlsx,
Summit_144601.xlsx,Failed in MSS6.0
Summit_144603.xlsx,
Summit_144604.xlsx,
Summit_144554.xlsx,
Summit_144475.xlsx,
Summit_144621.xlsx,
Summit_147348.xlsx,
Summit_144624.xlsx,
Summit_144465.xlsx,
